$ANSIBLE_VAULT;1.1;AES256
65643965303234353430396232306335613461623333363939313834646136613334393332333439
6338653937393462323361323164616663373261366238650a353833383535366264363331386462
61343434333534393738366537623962623534346431336163303061376636353364313533353335
3163613531323033380a336138373236393561363930366436333236646337666233383165643464
36343633356138346638333231646330373465313365326232393934623130626262366437323435
36383263323534333631663265393065386539386261306261613264353434633066383461663934
30333262343964316563633764396232633964633938613232356664626361646230303562353131
32303638363939373030666463626633303036653163346364636234646237336636663663343132
36653264663831656335303434303131353332346138343661333039353330383466613631323564
37613132323263343538333038376438353164326266643635616162346638303435613661333863
31643831363036643533373533653863306335653064353630383738346266386236323461663434
39653530353537643634663436363339356236363636323532323235626230633361333733646130
64373834623564326161303164646661613063353861356462653965336631643632663631613934
36363232316364663035663366366636383632653338303961313365353536383033343539313138
66613435626533346534376564643864366434393161373162313535643839623334356537656666
37316539386363313362
